function spi = gsw_pspi(SA,CT,pr)
% Potential spicity based on TEOS_10
% SA: Absolute salinity, in the range of [10:40] (g/kg).
% CT: Conservative temperature, in the range of [-2:40] (^oC)
% pr: Reference pressure (db), must be one of the following intergers:
%        0, 500, 1000, 2000, 3000, 4000, 5000 (db)
% Example: gsw_pspi(37.0,15.000,0)=1.3010 (kg/m^3);
% Author: Rui Xin Huang
% Date: Sep. 28, 2018
 
b0=[ -0.0171500663640825,  0.0278126882615466, -0.0377076764387318,...
      0.1766949182578261,  0.0123660614159258, -0.0786187616470358,...
      0.5654881379784148,  0.0819229370724436,  0.0016117501650810,...
      0.3399789798792979,  1.1510501460340983,  0.2269712954132772,...
      0.0034027893357210, -0.0006433028065820, -2.4325213233770255,...
      1.7986328638555464,  1.0630530543043479,  0.1315650249668150,...
      0.0123872288821259, -0.0001162370520279,  9.4412720110135577,...
      5.2288742719111454, -2.0527960573002453, -0.5351256154930265,...
     -0.2538791804144606, -0.0209657872828231,  0.0013762624523221,...
    -20.8951737319684660,-12.0500968552060320, 11.3282734921878920,...
      2.6701702134225695,  0.5047618576788786,  0.4114298464948320,...
      0.0054621969229276, -0.0011544718126917, 27.9102532787346750,...
     38.3524589057019940,-15.7880978505589340, -5.2014100596868458,...
     -1.6444622029678000, -0.1940601182950926, -0.4451390714439674,...
      0.0318285987830426,  0.0002610786604573,-19.9067865528804480,...
    -40.9762890937185630, 14.0378531543133480,  7.5013409290727173,...
      0.6852984398082621,  1.0864034614467579, -0.1443123955763263,...
      0.3116506259221469, -0.0374707683235198,  0.0003602355280168,...
      6.4526166843817130, 23.5603943927535690, -0.1544936317675803,...
     -2.0654213392823562, -2.3484390479461044,  1.2077832413374705,...
     -0.7375977238163819,  0.2037145511491106, -0.1037032514606002,...
      0.0135916525382002, -0.0002031986199229];
b500=[-0.0182391987673546,  0.0460367847358395, -0.0286182192704045,...
       0.2660847104116245,  0.0206673399387414, -0.0298007013259687,...
       0.7770094369066807,  0.1251051429700339,  0.0028476405867851,...
       0.2732186418523409,  1.4034080039262458,  0.3119256718363070,...
       0.0090495634322624, -0.0019995910040957, -1.4285067908881954,...
       2.4382974814612299,  1.3470633754508330,  0.2346478272358809,...
      -0.0024859020619016,  0.0035261905625462,  6.0718169574685028,...
       3.2771054529421333, -2.1234813624271149, -0.8676978602413056,...
      -0.4525801376304305,  0.0302373171446931, -0.0066258727117268,...
     -13.0149881442439100, -4.8980524182905798, 11.2404267704152550,...
       3.6705166907148050,  0.9927811680516538,  0.6597340841418953,...
      -0.0890970730587889,  0.0113440640814710, 17.6138287954952340,...
      23.1042897942189110,-14.0150247189858150, -6.7035271369546621,...
      -2.3493946449434784, -0.6652221178039853, -0.6098849102442132,...
       0.1310559376769550, -0.0113401749308976,-12.4704499840356750,...
     -24.6120143973906740, 11.7844367965431600,  8.6220035582779673,...
       1.5600677522586048,  1.2667953809112951,  0.1662333591001361,...
       0.3575983205997738, -0.0906989152954278,  0.0062620914224265,...
       4.1599595530865345, 15.0628535938609790,  0.2359014673160792,...
      -2.5129596228128590, -2.3628293562073948,  0.7771260421750895,...
      -0.6377943796237359,  0.0934531200410584, -0.1017862844693545,...
       0.0249840213426481, -0.0014670482649370];
b1000=[-0.0150169592493302,  0.0713618996357972, -0.0063107595207969,...
        0.3769874692789238,  0.0323471419293896,  0.0351208366975207,...
        1.0068345758287314,  0.1795605422124667,  0.0046453697978788,...
        0.2660759416082976,  1.6500909237389616,  0.4159308583779059,...
        0.0172494972199483, -0.0037161650590758, -0.7389047240972881,...
        2.8726693927520741,  1.6113998813159669,  0.3263230715734760,...
       -0.0159057725287228,  0.0074942309647332,  3.9264795079017127,...
        2.0179651645749908, -2.1175594837314753, -1.1469107615651093,...
       -0.6074186313683612,  0.0677203517868007, -0.0143769224106303,...
       -8.0548342124827972, -0.5928438573972383, 11.0255586363736220,...
        4.4397150056556818,  1.4442136322713750,  0.8260715519198784,...
       -0.1506947213105953,  0.0229660159301995, 11.1990826198239940,...
       13.6095051050301340,-12.6310176774328490, -7.6517232263421988,...
       -2.9693324389401625, -1.1000629722739033, -0.6881119910562087,...
        0.1921672059589442, -0.0217714705421179, -7.8758049022617191,...
      -14.6605730305262480, 10.1796178565571620,  9.1511612055300944,...
        2.2872279620162583,  1.4537424541706934,  0.4416488901443254,...
        0.3576765139643476, -0.1214552440110710,  0.0114134836142687,...
        2.7139348361455027,  9.7516625559981929,  0.2987095744451148,...
       -2.6146201473329445, -2.4315227608803371,  0.4492468555801895,...
       -0.5825975638039069,  0.0024091152481619, -0.0908793614566750,...
        0.0310251270439888, -0.0025415628426548];
b2000=[0.0118725171307861,  0.1477131706258137,  0.0834813257093114,...
       0.6599137014434021,  0.0680516618086130,  0.2056975644582296,...
       1.4918339417551207,  0.3232891612201607,  0.0113336667540298,...
       0.3424735985442436,  2.0769105873867950,  0.6621541396169911,...
       0.0398475935424811, -0.0120326243958032,  0.0839673587433891,...
       3.3309734341621686,  2.0729677748383186,  0.5059266326029840,...
      -0.0325258166488220,  0.0265644919076263,  1.6014497732194890,...
       0.6161666794487847, -1.9913875207602947, -1.5500876845238303,...
      -0.8799191720117091,  0.1015518689370360, -0.0470216853054528,...
      -2.7994257154120965,  3.5159322977333956, 10.2656078026672490,...
       5.4476192811129387,  2.1734084242037079,  1.1079785499395909,...
      -0.1965732708177111,  0.0648844582071067,  4.4478571483231457,...
       3.6641414589882118,-10.5199114511468410, -8.4064292803243426,...
      -3.9437412282869984, -1.7784906820961639, -0.8161104954398789,...
       0.2394122578444220, -0.0552579182468893, -3.1069204661153766,...
      -4.5506367620167794,  7.9828080917585664,  9.1038181215613800,...
       3.3383303511897680,  1.7990562949251985,  0.8465619225558672,...
       0.3623224164714963, -0.1449773658955066,  0.0264933443506279,...
       1.1677288756026567,  4.0963629227533662,  0.0301263628948869,...
      -2.3477813538639669, -2.5251926836364276, -0.0310694147451350,...
      -0.5409428343692908, -0.1237935747915165, -0.0769972427989191,...
       0.0352324267135054, -0.0054667842148308];
